10 75
14 118
22 159
32 199
49 234
74 264
103 289
135 307
169 312
204 305
234 285
261 259
285 229
302 193
312 152
320 111
324 69
31 39
52 19
82 10
114 14
144 25
197 23
225 13
253 10
281 18
301 38
171 65
171 95
171 125
170 156
138 173
153 177
168 181
183 178
196 173
65 69
84 60
105 60
124 75
104 77
82 76
210 75
230 60
251 60
270 69
253 77
231 77
115 221
137 213
155 207
168 210
181 206
197 212
218 217
198 235
183 243
168 245
153 244
137 237
124 221
154 223
168 224
181 222
209 218
181 221
168 223
154 222
